0 0 6.00 0
0 1 7.00 0
0 2 8.00 0
1 0 13.00 1
2 0 14.00 1
2 1 15.00 1
1 1 14.00 1
1 2 15.00 1
2 2 16.00 1
0 0 6.00 0
2 1 10.00 0
0 2 7.00 0
1 0 13.00 1
2 0 14.00 1
0 1 12.00 1
1 1 14.00 1
1 2 15.00 1
2 2 16.00 1
0 0 6.00 0
2 1 9.00 0
2 0 13.00 1
1 0 12.00 1
0 2 7.00 0
0 1 14.00 1
1 1 13.00 1
2 2 15.00 1
1 2 14.00 1
2 0 7.00 0
1 0 13.00 1
0 0 12.00 1
2 1 9.00 0
2 2 10.00 0
0 1 12.00 1
1 1 14.00 1
1 2 15.00 1
0 2 14.00 1
1 0 7.00 0
2 0 15.00 1
0 0 12.00 1
2 1 9.00 0
0 0 6.00 0
0 1 7.00 0
0 2 8.00 0
1 0 13.00 1
2 0 14.00 1
2 1 15.00 1
1 1 14.00 1
1 2 15.00 1
2 2 16.00 1
2 1 8.00 0
0 0 5.00 0
0 2 8.00 0
1 0 13.00 1
2 0 14.00 1
0 1 14.00 1
1 1 14.00 1
1 2 15.00 1
2 2 16.00 1
0 0 6.00 0
2 1 8.00 0
1 0 12.00 1
2 0 13.00 1
0 2 9.00 0
0 1 14.00 1
1 1 13.00 1
1 2 14.00 1
2 2 15.00 1
0 0 7.00 0
2 1 8.00 0
1 0 13.00 1
2 0 14.00 1
0 0 7.00 0
0 2 9.00 0
0 1 8.00 0
1 0 13.00 1
2 0 14.00 1
1 1 14.00 1
2 1 15.00 1
2 2 16.00 1
1 2 15.00 1
0 0 5.00 0
0 2 7.00 0
0 1 6.00 0
1 0 13.00 1
2 0 14.00 1
2 1 15.00 1
1 1 14.00 1
1 2 15.00 1
2 2 16.00 1
0 0 5.00 0
2 1 8.00 0
0 2 9.00 0
0 1 8.00 0
0 0 7.00 0
2 0 14.00 1
1 0 13.00 1
1 1 14.00 1
2 1 15.00 1
1 2 15.00 1
2 2 16.00 1
2 0 8.00 0
0 1 6.00 0
0 2 8.00 0
1 0 13.00 1
0 0 12.00 1
1 1 14.00 1
2 1 15.00 1
1 2 15.00 1
2 2 16.00 1
1 0 7.00 0
0 1 8.00 0
0 0 6.00 0
0 2 8.00 0
0 1 7.00 0
2 0 14.00 1
1 0 13.00 1
2 1 15.00 1
1 1 14.00 1
2 2 16.00 1
1 2 15.00 1
2 0 8.00 0
2 1 9.00 0
2 2 9.00 0
1 0 13.00 1
0 0 13.00 1
0 1 14.00 1
1 1 14.00 1
1 2 15.00 1
0 2 15.00 1
1 0 8.00 0
2 1 8.00 0
1 2 9.00 0
2 0 15.00 1
0 0 11.00 1
0 1 12.00 1
1 1 13.00 1
0 2 13.00 1
2 2 16.00 1
1 0 6.00 0
2 1 8.00 0
0 0 11.00 1
2 0 14.00 1
0 1 6.00 0
0 2 7.00 0
0 0 5.00 0
1 0 13.00 1
2 0 14.00 1
1 1 14.00 1
2 1 15.00 1
1 2 15.00 1
2 2 16.00 1
0 0 5.00 0
0 1 7.00 0
2 0 14.00 1
1 0 13.00 1
0 2 7.00 0
1 1 14.00 1
2 1 15.00 1
2 2 16.00 1
1 2 15.00 1
2 0 9.00 0
0 1 6.00 0
0 0 5.00 0
0 2 7.00 0
0 1 6.00 0
1 0 13.00 1
2 0 14.00 1
2 1 15.00 1
1 1 14.00 1
1 2 15.00 1
2 2 16.00 1
0 0 6.00 0
2 1 9.00 0
0 2 8.00 0
2 0 14.00 1
1 0 13.00 1
1 1 14.00 1
0 1 14.00 1
2 2 16.00 1
1 2 15.00 1
2 0 7.00 0
0 0 12.00 1
1 0 12.00 1
1 1 8.00 0
0 1 6.00 0
0 2 7.00 0
0 0 5.00 0
2 0 14.00 1
1 0 13.00 1
2 1 15.00 1
1 1 14.00 1
2 2 16.00 1
1 2 15.00 1
2 0 9.00 0
2 1 10.00 0
2 2 11.00 0
0 0 11.00 1
1 0 13.00 1
1 1 14.00 1
0 1 12.00 1
1 2 15.00 1
0 2 13.00 1
2 0 8.00 0
1 1 7.00 0
0 2 8.00 0
0 1 7.00 0
0 0 6.00 0
2 0 14.00 1
1 0 13.00 1
1 1 14.00 1
2 1 15.00 1
1 2 15.00 1
2 2 16.00 1
2 0 9.00 0
0 2 7.00 0
0 1 6.00 0
1 0 13.00 1
0 0 11.00 1
1 1 14.00 1
2 1 15.00 1
2 2 16.00 1
1 2 15.00 1
1 0 6.00 0
0 1 8.00 0
2 2 11.00 0
0 0 11.00 1
2 0 15.00 1
0 1 6.00 0
0 2 7.00 0
0 0 5.00 0
2 0 14.00 1
1 0 13.00 1
1 1 14.00 1
2 1 15.00 1
1 2 15.00 1
2 2 16.00 1
0 1 6.00 0
2 0 7.00 0
0 2 9.00 0
1 1 14.00 1
2 1 15.00 1
1 0 13.00 1
0 0 13.00 1
2 2 16.00 1
1 2 15.00 1
1 0 8.00 0
0 1 8.00 0
0 1 8.00 0
0 0 7.00 0
0 2 9.00 0
2 0 14.00 1
1 0 13.00 1
2 1 15.00 1
1 1 14.00 1
2 2 16.00 1
1 2 15.00 1
2 1 10.00 0
2 0 9.00 0
2 2 10.00 0
0 0 13.00 1
1 0 13.00 1
1 1 14.00 1
0 1 14.00 1
0 2 15.00 1
1 2 15.00 1
2 0 9.00 0
0 2 8.00 0
0 0 6.00 0
0 1 7.00 0
1 0 13.00 1
2 0 14.00 1
1 1 14.00 1
2 1 15.00 1
1 2 15.00 1
2 2 16.00 1
0 0 7.00 0
0 1 8.00 0
0 2 9.00 0
2 0 14.00 1
1 0 13.00 1
1 1 14.00 1
2 1 15.00 1
1 2 15.00 1
2 2 16.00 1
2 0 7.00 0
0 1 8.00 0
0 0 7.00 0
0 2 9.00 0
0 1 8.00 0
1 0 13.00 1
2 0 14.00 1
1 1 14.00 1
2 1 15.00 1
1 2 15.00 1
2 2 16.00 1
0 0 5.00 0
0 1 8.00 0
0 2 8.00 0
1 0 13.00 1
2 0 14.00 1
2 1 15.00 1
1 1 14.00 1
1 2 15.00 1
2 2 16.00 1
0 0 7.00 0
2 1 9.00 0
0 0 7.00 0
0 1 8.00 0
0 2 9.00 0
1 0 13.00 1
2 0 14.00 1
1 1 14.00 1
2 1 15.00 1
1 2 15.00 1
2 2 16.00 1
0 0 5.00 0
0 1 6.00 0
0 2 7.00 0
1 0 13.00 1
2 0 14.00 1
1 1 14.00 1
2 1 15.00 1
1 2 15.00 1
2 2 16.00 1
0 0 7.00 0
0 1 7.00 0
0 0 5.00 0
0 1 6.00 0
0 2 7.00 0
1 0 13.00 1
2 0 14.00 1
1 1 14.00 1
2 1 15.00 1
1 2 15.00 1
2 2 16.00 1
0 0 7.00 0
0 2 8.00 0
0 1 7.00 0
2 0 14.00 1
1 0 13.00 1
2 1 15.00 1
1 1 14.00 1
1 2 15.00 1
2 2 16.00 1
2 0 9.00 0
0 2 8.00 0
0 0 6.00 0
0 1 7.00 0
2 0 14.00 1
1 0 13.00 1
1 1 14.00 1
2 1 15.00 1
1 2 15.00 1
2 2 16.00 1
2 0 9.00 0
0 2 8.00 0
0 1 7.00 0
1 0 13.00 1
0 0 11.00 1
1 1 14.00 1
2 1 15.00 1
1 2 15.00 1
2 2 16.00 1
1 0 6.00 0
0 1 8.00 0
0 2 9.00 0
2 0 14.00 1
0 0 13.00 1
0 0 7.00 0
0 2 9.00 0
0 1 8.00 0
1 0 13.00 1
2 0 14.00 1
1 1 14.00 1
2 1 15.00 1
1 2 15.00 1
2 2 16.00 1
0 1 6.00 0
0 0 5.00 0
0 2 7.00 0
2 0 14.00 1
1 0 13.00 1
1 1 14.00 1
2 1 15.00 1
2 2 16.00 1
1 2 15.00 1
2 0 7.00 0
0 1 6.00 0
0 0 5.00 0
0 2 7.00 0
2 0 14.00 1
1 0 13.00 1
1 1 14.00 1
2 1 15.00 1
1 2 15.00 1
2 2 16.00 1
0 1 6.00 0
2 0 7.00 0
0 2 7.00 0
1 1 14.00 1
2 1 15.00 1
0 0 13.00 1
1 0 13.00 1
1 2 15.00 1
2 2 16.00 1
2 0 9.00 0
0 1 8.00 0
0 2 7.00 0
0 1 8.00 0
0 0 7.00 0
0 2 9.00 0
1 0 13.00 1
2 0 14.00 1
1 1 14.00 1
2 1 15.00 1
1 2 15.00 1
2 2 16.00 1
0 0 7.00 0
0 1 8.00 0
0 2 9.00 0
1 0 13.00 1
2 0 14.00 1
1 1 14.00 1
2 1 15.00 1
1 2 15.00 1
2 2 16.00 1
0 0 7.00 0
0 1 7.00 0
0 0 7.00 0
0 2 9.00 0
0 1 8.00 0
1 0 13.00 1
2 0 14.00 1
1 1 14.00 1
2 1 15.00 1
1 2 15.00 1
2 2 16.00 1
0 0 7.00 0
0 1 6.00 0
0 2 7.00 0
1 0 13.00 1
2 0 14.00 1
1 1 14.00 1
2 1 15.00 1
1 2 15.00 1
2 2 16.00 1
0 0 6.00 0
0 1 6.00 0
0 0 7.00 0
0 1 8.00 0
0 2 9.00 0
2 0 14.00 1
1 0 13.00 1
2 1 15.00 1
1 1 14.00 1
2 2 16.00 1
1 2 15.00 1
2 0 8.00 0
2 1 9.00 0
2 2 9.00 0
0 0 13.00 1
1 0 13.00 1
0 1 14.00 1
1 1 14.00 1
1 2 15.00 1
0 2 15.00 1
2 0 8.00 0
0 2 9.00 0
0 0 7.00 0
0 1 8.00 0
1 0 13.00 1
2 0 14.00 1
1 1 14.00 1
2 1 15.00 1
1 2 15.00 1
2 2 16.00 1
0 0 6.00 0
0 1 7.00 0
0 2 9.00 0
1 0 13.00 1
2 0 14.00 1
1 1 14.00 1
2 1 15.00 1
2 2 16.00 1
1 2 15.00 1
0 0 5.00 0
1 0 12.00 1
2 0 13.00 1
0 1 6.00 0
0 0 5.00 0
0 1 6.00 0
0 2 7.00 0
1 0 13.00 1
2 0 14.00 1
1 1 14.00 1
2 1 15.00 1
1 2 15.00 1
2 2 16.00 1
0 0 7.00 0
0 1 7.00 0
0 2 8.00 0
1 0 13.00 1
2 0 14.00 1
0 1 6.00 0
0 2 7.00 0
0 0 5.00 0
1 0 13.00 1
2 0 14.00 1
1 1 14.00 1
2 1 15.00 1
1 2 15.00 1
2 2 16.00 1
0 1 6.00 0
0 0 5.00 0
0 2 7.00 0
1 0 13.00 1
2 0 14.00 1
1 1 14.00 1
2 1 15.00 1
1 2 15.00 1
2 2 16.00 1
0 0 6.00 0
0 1 8.00 0
0 2 7.00 0
1 0 13.00 1
2 0 14.00 1
1 1 14.00 1
2 1 15.00 1
1 2 15.00 1
2 2 16.00 1
0 0 5.00 0
2 0 13.00 1
1 0 12.00 1
0 0 5.00 0
0 2 7.00 0
0 1 6.00 0
1 0 13.00 1
2 0 14.00 1
2 1 15.00 1
1 1 14.00 1
1 2 15.00 1
2 2 16.00 1
0 0 6.00 0
2 1 8.00 0
0 2 7.00 0
1 0 13.00 1
2 0 14.00 1
1 2 15.00 1
2 2 16.00 1
0 1 14.00 1
1 1 14.00 1
0 0 7.00 0
0 0 6.00 0
0 2 8.00 0
0 1 7.00 0
1 0 13.00 1
2 0 14.00 1
1 1 14.00 1
2 1 15.00 1
1 2 15.00 1
2 2 16.00 1
0 1 8.00 0
0 0 7.00 0
0 2 7.00 0
1 0 13.00 1
2 0 14.00 1
2 1 15.00 1
1 1 14.00 1
1 2 15.00 1
2 2 16.00 1
0 0 6.00 0
0 1 6.00 0
0 2 7.00 0
0 0 5.00 0
2 0 14.00 1
1 0 13.00 1
1 1 14.00 1
2 1 15.00 1
1 2 15.00 1
2 2 16.00 1
2 0 9.00 0
0 1 8.00 0
0 2 8.00 0
0 0 11.00 1
1 0 13.00 1
2 1 15.00 1
1 1 14.00 1
1 2 15.00 1
2 2 16.00 1
2 0 7.00 0
2 1 8.00 0
0 0 7.00 0
0 1 8.00 0
0 2 9.00 0
1 0 13.00 1
2 0 14.00 1
1 1 14.00 1
2 1 15.00 1
2 2 16.00 1
1 2 15.00 1
0 0 6.00 0
0 1 8.00 0
2 2 11.00 0
1 0 13.00 1
2 0 14.00 1
1 1 14.00 1
2 1 15.00 1
0 2 14.00 1
1 2 15.00 1
0 0 5.00 0
1 0 12.00 1
2 0 13.00 1
0 1 8.00 0
0 0 6.00 0
0 2 8.00 0
0 1 7.00 0
1 0 13.00 1
2 0 14.00 1
2 1 15.00 1
1 1 14.00 1
1 2 15.00 1
2 2 16.00 1
0 0 7.00 0
2 1 10.00 0
0 2 8.00 0
1 0 13.00 1
2 0 14.00 1
0 1 14.00 1
1 1 14.00 1
1 2 15.00 1
2 2 16.00 1
0 0 7.00 0
2 1 10.00 0
1 0 12.00 1
2 0 13.00 1
0 2 8.00 0
0 1 14.00 1
1 1 13.00 1
2 2 15.00 1
1 2 14.00 1
0 0 7.00 0
0 0 6.00 0
0 2 8.00 0
0 1 7.00 0
1 0 13.00 1
2 0 14.00 1
1 1 14.00 1
2 1 15.00 1
2 2 16.00 1
1 2 15.00 1
0 0 6.00 0
0 1 6.00 0
2 2 9.00 0
1 0 13.00 1
2 0 14.00 1
1 1 14.00 1
2 1 15.00 1
0 2 14.00 1
1 2 15.00 1
0 0 5.00 0
0 1 8.00 0
2 0 13.00 1
1 0 12.00 1
0 1 7.00 0
0 0 6.00 0
0 2 8.00 0
2 0 14.00 1
1 0 13.00 1
1 1 14.00 1
2 1 15.00 1
1 2 15.00 1
2 2 16.00 1
2 0 7.00 0
0 1 8.00 0
0 2 7.00 0
0 0 11.00 1
1 0 13.00 1
1 1 14.00 1
2 1 15.00 1
2 2 16.00 1
1 2 15.00 1
2 0 9.00 0
0 1 6.00 0
2 2 10.00 0
0 0 6.00 0
0 2 8.00 0
0 1 7.00 0
1 0 13.00 1
2 0 14.00 1
2 1 15.00 1
1 1 14.00 1
1 2 15.00 1
2 2 16.00 1
0 0 5.00 0
2 1 10.00 0
0 2 9.00 0
1 0 13.00 1
2 0 14.00 1
0 1 12.00 1
1 1 14.00 1
2 2 16.00 1
1 2 15.00 1
0 0 5.00 0
1 0 12.00 1
2 0 13.00 1
2 1 10.00 0
0 0 6.00 0
0 2 8.00 0
0 1 7.00 0
2 0 14.00 1
1 0 13.00 1
1 1 14.00 1
2 1 15.00 1
2 2 16.00 1
1 2 15.00 1
2 0 9.00 0
0 1 7.00 0
2 2 10.00 0
0 0 13.00 1
1 0 13.00 1
1 1 14.00 1
2 1 15.00 1
0 2 15.00 1
1 2 15.00 1
2 0 8.00 0
0 1 7.00 0
0 1 7.00 0
0 0 6.00 0
0 2 8.00 0
1 0 13.00 1
2 0 14.00 1
1 1 14.00 1
2 1 15.00 1
1 2 15.00 1
2 2 16.00 1
0 0 7.00 0
0 1 7.00 0
0 2 8.00 0
1 0 13.00 1
2 0 14.00 1
2 1 15.00 1
1 1 14.00 1
2 2 16.00 1
1 2 15.00 1
0 0 7.00 0
2 1 8.00 0
0 0 7.00 0
0 2 9.00 0
0 1 8.00 0
1 0 13.00 1
2 0 14.00 1
2 1 15.00 1
1 1 14.00 1
1 2 15.00 1
2 2 16.00 1
0 0 5.00 0
2 1 8.00 0
0 2 8.00 0
1 0 13.00 1
2 0 14.00 1
0 1 13.00 1
1 1 14.00 1
1 2 15.00 1
2 2 16.00 1
0 0 5.00 0
2 1 10.00 0
0 2 7.00 0
0 1 6.00 0
0 0 5.00 0
2 0 14.00 1
1 0 13.00 1
1 1 14.00 1
2 1 15.00 1
1 2 15.00 1
2 2 16.00 1
0 1 6.00 0
2 0 7.00 0
0 2 8.00 0
1 1 14.00 1
2 1 15.00 1
1 0 13.00 1
0 0 11.00 1
1 2 15.00 1
2 2 16.00 1
1 0 7.00 0
0 1 7.00 0
0 2 8.00 0
0 0 6.00 0
0 1 7.00 0
2 0 14.00 1
1 0 13.00 1
1 1 14.00 1
2 1 15.00 1
1 2 15.00 1
2 2 16.00 1
2 0 7.00 0
0 1 7.00 0
0 2 9.00 0
0 0 12.00 1
1 0 13.00 1
1 1 14.00 1
2 1 15.00 1
2 2 16.00 1
1 2 15.00 1
2 0 8.00 0
0 1 8.00 0
0 1 8.00 0
0 0 7.00 0
0 2 9.00 0
1 0 13.00 1
2 0 14.00 1
1 1 14.00 1
2 1 15.00 1
2 2 16.00 1
1 2 15.00 1
0 0 7.00 0
0 1 8.00 0
0 2 9.00 0
1 0 13.00 1
2 0 14.00 1
1 1 14.00 1
2 1 15.00 1
1 2 15.00 1
2 2 16.00 1
0 0 7.00 0
0 2 8.00 0
0 1 7.00 0
1 0 13.00 1
2 0 14.00 1
1 1 14.00 1
2 1 15.00 1
1 2 15.00 1
2 2 16.00 1
0 0 6.00 0
0 1 7.00 0
1 0 12.00 1
2 0 13.00 1
0 2 9.00 0
1 1 13.00 1
2 1 14.00 1
1 2 14.00 1
2 2 15.00 1
0 0 5.00 0
0 1 6.00 0
2 0 14.00 1
1 0 13.00 1
0 0 6.00 0
0 2 8.00 0
0 1 7.00 0
1 0 13.00 1
2 0 14.00 1
1 1 14.00 1
2 1 15.00 1
1 2 15.00 1
2 2 16.00 1
0 0 5.00 0
0 1 7.00 0
1 0 13.00 1
2 0 14.00 1
0 2 7.00 0
1 1 14.00 1
2 1 15.00 1
1 2 15.00 1
2 2 16.00 1
0 0 7.00 0
0 1 7.00 0
0 1 8.00 0
0 0 7.00 0
0 2 9.00 0
2 0 14.00 1
1 0 13.00 1
2 1 15.00 1
1 1 14.00 1
1 2 15.00 1
2 2 16.00 1
2 1 10.00 0
2 0 9.00 0
0 2 8.00 0
0 0 11.00 1
1 0 13.00 1
1 1 14.00 1
0 1 12.00 1
2 2 16.00 1
1 2 15.00 1
2 0 8.00 0
1 1 7.00 0
2 2 10.00 0
1 0 12.00 1
0 0 12.00 1
2 1 16.00 1
0 1 13.00 1
0 2 15.00 1
1 2 14.00 1
1 0 6.00 0
1 1 8.00 0
2 0 15.00 1
0 0 11.00 1
0 0 5.00 0
0 1 6.00 0
0 2 7.00 0
1 0 13.00 1
2 0 14.00 1
1 1 14.00 1
2 1 15.00 1
1 2 15.00 1
2 2 16.00 1
0 0 6.00 0
0 1 8.00 0
0 2 9.00 0
1 0 13.00 1
2 0 14.00 1
2 1 15.00 1
1 1 14.00 1
1 2 15.00 1
2 2 16.00 1
0 0 6.00 0
2 1 10.00 0
1 0 12.00 1
2 0 13.00 1
0 2 7.00 0
0 0 5.00 0
0 1 6.00 0
1 0 13.00 1
2 0 14.00 1
1 1 14.00 1
2 1 15.00 1
1 2 15.00 1
2 2 16.00 1
0 0 7.00 0
0 1 8.00 0
0 2 9.00 0
2 0 14.00 1
1 0 13.00 1
1 1 14.00 1
2 1 15.00 1
1 2 15.00 1
2 2 16.00 1
0 0 6.00 0
0 2 8.00 0
0 1 7.00 0
1 0 13.00 1
2 0 14.00 1
1 1 14.00 1
2 1 15.00 1
2 2 16.00 1
1 2 15.00 1
0 0 6.00 0
0 1 7.00 0
2 2 10.00 0
1 0 13.00 1
2 0 14.00 1
0 2 8.00 0
0 1 7.00 0
0 0 6.00 0
1 0 13.00 1
2 0 14.00 1
1 1 14.00 1
2 1 15.00 1
1 2 15.00 1
2 2 16.00 1
0 0 5.00 0
0 1 6.00 0
0 2 7.00 0
1 0 13.00 1
2 0 14.00 1
2 1 15.00 1
1 1 14.00 1
1 2 15.00 1
2 2 16.00 1
0 0 7.00 0
0 2 8.00 0
2 1 9.00 0
2 0 14.00 1
1 0 13.00 1
1 2 15.00 1
2 2 16.00 1
0 1 12.00 1
1 1 14.00 1
2 0 7.00 0
2 1 8.00 0
0 0 7.00 0
0 2 9.00 0
0 1 8.00 0
2 0 14.00 1
1 0 13.00 1
1 1 14.00 1
2 1 15.00 1
1 2 15.00 1
2 2 16.00 1
2 0 8.00 0
0 1 6.00 0
0 2 8.00 0
2 1 15.00 1
0 0 11.00 1
1 1 14.00 1
1 0 13.00 1
1 2 15.00 1
2 2 16.00 1
2 0 7.00 0
2 1 9.00 0
0 2 9.00 0
0 0 13.00 1
1 0 12.00 1
0 1 12.00 1
1 1 13.00 1
1 2 14.00 1
2 2 15.00 1
2 0 9.00 0
2 1 8.00 0
0 0 7.00 0
0 2 9.00 0
0 1 8.00 0
1 0 13.00 1
2 0 14.00 1
1 1 14.00 1
2 1 15.00 1
0 0 6.00 0
0 1 7.00 0
0 2 8.00 0
1 0 13.00 1
2 0 14.00 1
1 1 14.00 1
2 1 15.00 1
1 2 15.00 1
2 2 16.00 1
0 0 7.00 0
0 1 8.00 0
0 2 8.00 0
1 0 13.00 1
2 0 14.00 1
2 1 15.00 1
1 1 14.00 1
1 2 15.00 1
2 2 16.00 1
0 0 5.00 0
1 0 12.00 1
2 0 13.00 1
0 1 7.00 0
0 0 6.00 0
0 2 8.00 0
2 0 14.00 1
1 0 13.00 1
1 1 14.00 1
2 1 15.00 1
1 2 15.00 1
2 2 16.00 1
2 0 7.00 0
0 0 7.00 0
0 1 8.00 0
0 2 9.00 0
1 0 13.00 1
2 0 14.00 1
1 1 14.00 1
2 1 15.00 1
1 2 15.00 1
2 2 16.00 1
0 0 6.00 0
0 1 8.00 0
0 2 9.00 0
1 0 13.00 1
2 0 14.00 1
2 1 15.00 1
1 1 14.00 1
1 2 15.00 1
2 2 16.00 1
0 0 5.00 0
2 0 13.00 1
1 0 12.00 1
2 1 10.00 0
0 1 7.00 0
0 2 8.00 0
0 0 6.00 0
0 0 7.00 0
0 2 9.00 0
0 1 8.00 0
1 0 13.00 1
2 0 14.00 1
1 1 14.00 1
2 1 15.00 1
1 2 15.00 1
2 2 16.00 1
0 0 7.00 0
0 1 6.00 0
0 2 9.00 0
2 0 14.00 1
1 0 13.00 1
1 1 14.00 1
2 1 15.00 1
1 2 15.00 1
2 2 16.00 1
2 0 7.00 0
0 1 7.00 0
0 0 12.00 1
1 0 12.00 1
1 1 13.00 1
2 1 14.00 1
0 2 9.00 0
1 2 14.00 1
2 2 15.00 1
2 0 8.00 0
0 1 8.00 0
1 0 13.00 1
0 0 11.00 1
0 0 6.00 0
0 1 7.00 0
0 2 8.00 0
1 0 13.00 1
2 0 14.00 1
1 1 14.00 1
2 1 15.00 1
1 2 15.00 1
2 2 16.00 1
0 0 6.00 0
0 1 7.00 0
0 2 8.00 0
1 0 13.00 1
2 0 14.00 1
1 1 14.00 1
2 1 15.00 1
1 2 15.00 1
2 2 16.00 1
0 0 5.00 0
1 0 12.00 1
2 0 13.00 1
0 0 5.00 0
0 1 6.00 0
0 2 7.00 0
2 0 14.00 1
1 0 13.00 1
1 1 14.00 1
2 1 15.00 1
1 2 15.00 1
2 2 16.00 1
0 0 5.00 0
0 1 6.00 0
0 2 7.00 0
1 0 13.00 1
2 0 14.00 1
1 1 14.00 1
2 1 15.00 1
1 2 15.00 1
2 2 16.00 1
0 0 6.00 0
0 1 7.00 0
0 2 9.00 0
1 0 13.00 1
2 0 14.00 1
1 1 14.00 1
2 1 15.00 1
1 2 15.00 1
2 2 16.00 1
0 0 7.00 0
0 1 8.00 0
0 0 7.00 0
0 1 8.00 0
0 2 9.00 0
1 0 13.00 1
2 0 14.00 1
1 1 14.00 1
2 1 15.00 1
1 2 15.00 1
2 2 16.00 1
0 0 7.00 0
0 1 6.00 0
0 2 7.00 0
1 0 13.00 1
2 0 14.00 1
1 1 14.00 1
2 1 15.00 1
1 2 15.00 1
2 2 16.00 1
0 0 5.00 0
0 1 6.00 0
1 0 12.00 1
2 0 13.00 1
0 2 7.00 0
1 1 13.00 1
2 1 14.00 1
1 2 14.00 1
2 2 15.00 1
0 0 7.00 0
2 0 14.00 1
1 0 13.00 1
0 1 8.00 0
0 1 7.00 0
0 2 8.00 0
0 0 6.00 0
1 0 13.00 1
2 0 14.00 1
1 1 14.00 1
2 1 15.00 1
1 2 15.00 1
2 2 16.00 1
0 0 6.00 0
0 1 7.00 0
0 2 8.00 0
2 0 14.00 1
1 0 13.00 1
1 1 14.00 1
2 1 15.00 1
2 2 16.00 1
1 2 15.00 1
2 0 8.00 0
0 1 6.00 0
0 0 7.00 0
0 2 9.00 0
0 1 8.00 0
1 0 13.00 1
2 0 14.00 1
1 1 14.00 1
2 1 15.00 1
1 2 15.00 1
2 2 16.00 1
0 0 7.00 0
0 1 6.00 0
0 2 8.00 0
1 0 13.00 1
2 0 14.00 1
2 1 15.00 1
1 1 14.00 1
1 2 15.00 1
2 2 16.00 1
0 0 5.00 0
2 1 8.00 0
1 0 12.00 1
2 0 13.00 1
0 2 7.00 0
0 1 14.00 1
1 1 13.00 1
1 2 14.00 1
2 2 15.00 1
0 0 7.00 0
0 1 8.00 0
0 2 9.00 0
1 0 13.00 1
2 0 14.00 1
1 1 14.00 1
2 1 15.00 1
1 2 15.00 1
2 2 16.00 1
0 0 6.00 0
0 1 6.00 0
0 2 9.00 0
1 0 13.00 1
2 0 14.00 1
2 1 15.00 1
1 1 14.00 1
1 2 15.00 1
2 2 16.00 1
0 0 5.00 0
2 1 10.00 0
1 0 12.00 1
2 0 13.00 1
0 2 8.00 0
0 0 6.00 0
0 1 7.00 0
1 0 13.00 1
2 0 14.00 1
1 1 14.00 1
2 1 15.00 1
1 2 15.00 1
2 2 16.00 1
0 1 7.00 0
0 0 6.00 0
0 2 8.00 0
1 0 13.00 1
2 0 14.00 1
2 1 15.00 1
1 1 14.00 1
1 2 15.00 1
2 2 16.00 1
0 0 6.00 0
2 1 9.00 0
0 2 8.00 0
1 0 13.00 1
2 0 14.00 1
0 1 14.00 1
1 1 14.00 1
1 2 15.00 1
2 2 16.00 1
0 0 7.00 0
2 1 9.00 0
0 0 6.00 0
0 2 8.00 0
0 1 7.00 0
1 0 13.00 1
2 0 14.00 1
1 1 14.00 1
2 1 15.00 1
1 2 15.00 1
2 2 16.00 1
0 0 5.00 0
0 1 6.00 0
0 2 7.00 0
1 0 13.00 1
2 0 14.00 1
1 1 14.00 1
2 1 15.00 1
1 2 15.00 1
2 2 16.00 1
0 0 6.00 0
0 1 6.00 0
0 0 7.00 0
0 2 9.00 0
0 1 8.00 0
1 0 13.00 1
2 0 14.00 1
1 1 14.00 1
2 1 15.00 1
1 2 15.00 1
2 2 16.00 1
0 0 6.00 0
0 1 6.00 0
0 2 8.00 0
2 0 14.00 1
1 0 13.00 1
1 1 14.00 1
2 1 15.00 1
2 2 16.00 1
1 2 15.00 1
2 0 7.00 0
0 1 6.00 0
0 0 6.00 0
0 1 7.00 0
0 2 8.00 0
1 0 13.00 1
2 0 14.00 1
2 1 15.00 1
1 1 14.00 1
1 2 15.00 1
2 2 16.00 1
0 0 5.00 0
2 1 10.00 0
1 0 13.00 1
2 0 14.00 1
0 2 9.00 0
0 1 13.00 1
1 1 14.00 1
1 2 15.00 1
2 2 16.00 1
0 0 6.00 0
2 0 13.00 1
1 0 12.00 1
2 1 8.00 0
0 1 8.00 0
0 0 7.00 0
0 2 9.00 0
1 0 13.00 1
2 0 14.00 1
1 1 14.00 1
2 1 15.00 1
1 2 15.00 1
2 2 16.00 1
0 0 6.00 0
0 1 7.00 0
0 2 7.00 0
1 0 13.00 1
2 0 14.00 1
2 1 15.00 1
1 1 14.00 1
1 2 15.00 1
2 2 16.00 1
0 0 6.00 0
0 2 7.00 0
0 1 6.00 0
0 0 5.00 0
1 0 13.00 1
2 0 14.00 1
1 1 14.00 1
2 1 15.00 1
1 2 15.00 1
2 2 16.00 1
0 0 6.00 0
0 1 8.00 0
0 2 7.00 0
0 0 5.00 0
0 1 6.00 0
2 0 14.00 1
1 0 13.00 1
1 1 14.00 1
2 1 15.00 1
1 2 15.00 1
2 2 16.00 1
0 0 5.00 0
0 2 7.00 0
0 1 6.00 0
2 0 14.00 1
1 0 13.00 1
1 1 14.00 1
2 1 15.00 1
1 2 15.00 1
2 2 16.00 1
2 0 8.00 0
0 1 7.00 0
0 2 9.00 0
1 0 13.00 1
0 0 12.00 1
2 1 15.00 1
1 1 14.00 1
2 2 16.00 1
1 2 15.00 1
1 0 6.00 0
2 1 10.00 0
2 0 14.00 1
0 0 13.00 1
0 0 6.00 0
0 1 7.00 0
0 2 8.00 0
1 0 13.00 1
2 0 14.00 1
1 1 14.00 1
2 1 15.00 1
1 2 15.00 1
2 2 16.00 1
0 1 6.00 0
0 0 5.00 0
0 2 7.00 0
2 0 14.00 1
1 0 13.00 1
1 1 14.00 1
2 1 15.00 1
1 2 15.00 1
2 2 16.00 1
0 0 5.00 0
0 2 7.00 0
0 1 6.00 0
1 0 13.00 1
2 0 14.00 1
1 1 14.00 1
2 1 15.00 1
1 2 15.00 1
2 2 16.00 1
0 0 5.00 0
0 1 8.00 0
0 2 9.00 0
1 0 13.00 1
2 0 14.00 1
1 1 14.00 1
2 1 15.00 1
1 2 15.00 1
2 2 16.00 1
0 0 6.00 0
0 1 8.00 0
1 0 12.00 1
2 0 13.00 1
0 0 5.00 0
0 1 6.00 0
0 2 7.00 0
1 0 13.00 1
2 0 14.00 1
2 1 15.00 1
1 1 14.00 1
1 2 15.00 1
2 2 16.00 1
0 0 5.00 0
2 1 8.00 0
0 2 8.00 0
2 0 14.00 1
1 0 13.00 1
0 1 14.00 1
1 1 14.00 1
1 2 15.00 1
2 2 16.00 1
2 0 7.00 0
0 0 6.00 0
0 1 7.00 0
0 2 8.00 0
1 0 13.00 1
2 0 14.00 1
2 1 15.00 1
1 1 14.00 1
1 2 15.00 1
2 2 16.00 1
0 1 8.00 0
0 0 7.00 0
0 2 9.00 0
1 0 13.00 1
2 0 14.00 1
1 1 14.00 1
2 1 15.00 1
1 2 15.00 1
2 2 16.00 1
0 0 5.00 0
0 0 5.00 0
0 2 7.00 0
0 1 6.00 0
1 0 13.00 1
2 0 14.00 1
2 1 15.00 1
1 1 14.00 1
1 2 15.00 1
2 2 16.00 1
0 0 7.00 0
0 2 9.00 0
0 1 8.00 0
1 0 13.00 1
2 0 14.00 1
1 1 14.00 1
2 1 15.00 1
1 2 15.00 1
2 2 16.00 1
0 0 7.00 0
0 1 8.00 0
0 2 7.00 0
1 0 13.00 1
2 0 14.00 1
1 1 14.00 1
2 1 15.00 1
1 2 15.00 1
2 2 16.00 1
0 0 6.00 0
0 1 8.00 0
0 2 7.00 0
1 0 12.00 1
2 0 13.00 1
1 1 13.00 1
2 1 14.00 1
1 2 14.00 1
2 2 15.00 1
0 0 7.00 0
0 0 5.00 0
0 1 6.00 0
0 2 7.00 0
1 0 13.00 1
2 0 14.00 1
1 1 14.00 1
2 1 15.00 1
1 2 15.00 1
2 2 16.00 1
0 0 5.00 0
0 1 6.00 0
0 2 7.00 0
1 0 13.00 1
2 0 14.00 1
1 1 14.00 1
2 1 15.00 1
1 2 15.00 1
2 2 16.00 1
0 0 7.00 0
0 1 6.00 0
0 2 7.00 0
0 0 7.00 0
0 2 9.00 0
0 1 8.00 0
1 0 13.00 1
2 0 14.00 1
1 1 14.00 1
2 1 15.00 1
1 2 15.00 1
2 2 16.00 1
0 0 5.00 0
0 1 8.00 0
1 0 13.00 1
2 0 14.00 1
0 2 7.00 0
1 1 14.00 1
2 1 15.00 1
1 2 15.00 1
2 2 16.00 1
0 0 5.00 0
1 0 12.00 1
2 0 13.00 1
0 1 8.00 0
0 0 7.00 0
0 1 8.00 0
0 2 9.00 0
1 0 13.00 1
2 0 14.00 1
1 1 14.00 1
2 1 15.00 1
2 2 16.00 1
1 2 15.00 1
0 0 5.00 0
0 1 6.00 0
1 0 13.00 1
2 0 14.00 1
2 2 11.00 0
1 1 14.00 1
2 1 15.00 1
0 2 15.00 1
1 2 15.00 1
0 0 7.00 0
0 1 8.00 0
0 2 7.00 0
0 1 6.00 0
0 0 5.00 0
2 0 14.00 1
1 0 13.00 1
1 1 14.00 1
2 1 15.00 1
2 2 16.00 1
1 2 15.00 1
0 0 5.00 0
0 1 6.00 0
0 2 7.00 0
1 0 13.00 1
2 0 14.00 1
1 1 14.00 1
2 1 15.00 1
2 2 16.00 1
1 2 15.00 1
0 0 7.00 0
0 1 6.00 0
2 2 11.00 0
1 0 13.00 1
1 1 14.00 1
2 0 14.00 1
2 1 15.00 1
0 2 14.00 1
1 2 15.00 1
0 0 7.00 0
0 1 8.00 0
0 0 6.00 0
0 1 7.00 0
0 2 8.00 0
1 0 13.00 1
2 0 14.00 1
1 1 14.00 1
2 1 15.00 1
0 1 7.00 0
0 2 8.00 0
0 0 6.00 0
2 0 14.00 1
1 0 13.00 1
2 1 15.00 1
1 1 14.00 1
1 2 15.00 1
2 2 16.00 1
2 0 9.00 0
2 1 10.00 0
0 2 9.00 0
0 0 12.00 1
1 0 13.00 1
0 1 13.00 1
1 1 14.00 1
1 2 15.00 1
2 2 16.00 1
2 0 9.00 0
2 1 10.00 0
0 0 12.00 1
1 0 12.00 1
0 2 7.00 0
0 1 13.00 1
1 1 13.00 1
1 2 14.00 1
2 2 15.00 1
2 0 7.00 0
0 0 11.00 1
1 0 13.00 1
2 1 8.00 0
0 2 7.00 0
0 1 12.00 1
1 2 15.00 1
1 1 14.00 1
2 2 16.00 1
2 0 8.00 0
0 0 12.00 1
1 0 14.00 1
2 1 9.00 0
0 0 5.00 0
0 1 6.00 0
0 2 7.00 0
1 0 13.00 1
2 0 14.00 1
2 1 15.00 1
1 1 14.00 1
1 2 15.00 1
2 2 16.00 1
0 0 6.00 0
0 2 8.00 0
0 1 7.00 0
1 0 13.00 1
2 0 14.00 1
2 1 15.00 1
1 1 14.00 1
1 2 15.00 1
2 2 16.00 1
0 0 6.00 0
2 1 8.00 0
0 2 7.00 0
1 0 13.00 1
2 0 14.00 1
0 1 14.00 1
1 2 15.00 1
1 1 14.00 1
2 2 16.00 1
0 0 6.00 0
2 1 8.00 0
1 0 12.00 1
0 2 8.00 0
2 0 13.00 1
0 1 12.00 1
1 1 13.00 1
1 2 14.00 1
2 2 15.00 1
0 0 5.00 0
1 0 13.00 1
2 0 14.00 1
2 1 9.00 0
0 0 5.00 0
0 2 7.00 0
0 1 6.00 0
1 0 13.00 1
2 0 14.00 1
2 1 15.00 1
1 1 14.00 1
1 2 15.00 1
2 2 16.00 1
0 0 5.00 0
0 1 6.00 0
0 2 7.00 0
2 0 14.00 1
1 0 13.00 1
1 1 14.00 1
2 1 15.00 1
1 2 15.00 1
2 2 16.00 1
2 0 9.00 0
0 1 8.00 0
0 2 7.00 0
1 0 13.00 1
0 0 13.00 1
1 1 14.00 1
2 1 15.00 1
1 2 15.00 1
2 2 16.00 1
1 0 6.00 0
0 1 7.00 0
2 0 15.00 1
0 0 11.00 1
0 2 8.00 0
1 1 13.00 1
2 1 14.00 1
1 2 14.00 1
2 2 15.00 1
1 0 8.00 0
0 1 8.00 0
0 0 6.00 0
0 2 8.00 0
0 1 7.00 0
0 2 7.00 0
0 1 6.00 0
0 0 5.00 0
2 0 14.00 1
1 0 13.00 1
2 1 15.00 1
1 1 14.00 1
2 2 16.00 1
1 2 15.00 1
2 0 8.00 0
2 1 9.00 0
2 2 11.00 0
0 0 13.00 1
1 0 13.00 1
0 1 14.00 1
1 1 14.00 1
0 2 15.00 1
1 2 15.00 1
2 0 8.00 0
2 1 9.00 0
2 2 9.00 0
0 0 12.00 1
1 0 12.00 1
0 1 13.00 1
1 1 13.00 1
0 2 14.00 1
1 2 14.00 1
2 0 7.00 0
2 1 10.00 0
0 0 6.00 0
0 2 8.00 0
0 1 7.00 0
1 0 13.00 1
2 0 14.00 1
1 1 14.00 1
2 1 15.00 1
2 2 16.00 1
1 2 15.00 1
0 0 6.00 0
0 2 8.00 0
0 1 7.00 0
2 0 14.00 1
1 0 13.00 1
1 1 14.00 1
2 1 15.00 1
1 2 15.00 1
2 2 16.00 1
2 0 8.00 0
0 1 6.00 0
0 2 7.00 0
0 0 12.00 1
1 0 13.00 1
1 1 14.00 1
2 1 15.00 1
2 2 16.00 1
1 2 15.00 1
2 0 9.00 0
0 1 7.00 0
2 2 11.00 0
0 0 11.00 1
1 0 12.00 1
1 1 13.00 1
2 1 14.00 1
0 2 15.00 1
1 2 14.00 1
2 0 8.00 0
0 1 8.00 0
0 0 13.00 1
1 0 13.00 1
1 1 14.00 1
2 1 15.00 1
2 2 11.00 0
2 0 7.00 0
0 2 15.00 1
1 2 15.00 1
0 1 7.00 0
0 0 12.00 1
1 0 14.00 1
1 1 15.00 1
2 1 16.00 1
2 2 9.00 0
2 0 7.00 0
0 2 14.00 1
1 2 16.00 1
0 0 11.00 1
1 0 13.00 1
0 1 6.00 0
0 1 7.00 0
0 2 8.00 0
0 0 6.00 0
1 0 13.00 1
2 0 14.00 1
1 1 14.00 1
2 1 15.00 1
1 2 15.00 1
2 2 16.00 1
0 0 7.00 0
0 0 7.00 0
0 1 8.00 0
0 2 9.00 0
1 0 13.00 1
2 0 14.00 1
1 1 14.00 1
2 1 15.00 1
1 2 15.00 1
2 2 16.00 1
0 0 5.00 0
0 1 6.00 0
0 2 7.00 0
1 0 13.00 1
2 0 14.00 1
1 1 14.00 1
2 1 15.00 1
1 2 15.00 1
2 2 16.00 1
0 0 7.00 0
0 1 8.00 0
0 2 8.00 0
1 0 13.00 1
2 0 14.00 1
1 1 14.00 1
2 1 15.00 1
1 2 15.00 1
2 2 16.00 1
0 0 6.00 0
0 1 7.00 0
1 0 12.00 1
2 0 13.00 1
0 2 7.00 0
1 1 13.00 1
2 1 14.00 1
1 2 14.00 1
2 2 15.00 1
0 0 7.00 0
0 1 6.00 0
1 0 13.00 1
2 0 14.00 1
0 2 9.00 0
1 1 14.00 1
2 1 15.00 1
1 2 15.00 1
2 2 16.00 1
0 0 6.00 0
2 0 15.00 1
1 0 14.00 1
0 1 7.00 0
0 2 9.00 0
1 1 15.00 1
2 1 16.00 1
2 0 9.00 0
2 2 17.00 1
1 2 16.00 1
0 0 12.00 1
1 0 13.00 1
0 1 7.00 0
1 1 14.00 1
2 1 15.00 1
2 2 10.00 0
2 0 9.00 0
0 2 15.00 1
1 2 15.00 1
0 1 6.00 0
0 0 12.00 1
1 0 13.00 1
2 1 15.00 1
1 1 14.00 1
2 2 11.00 0
2 0 7.00 0
2 1 8.00 0
0 0 11.00 1
1 0 12.00 1
0 2 13.00 1
1 2 15.00 1
0 1 14.00 1
1 1 13.00 1
2 0 7.00 0
2 2 10.00 0
0 0 13.00 1
1 0 12.00 1
2 1 8.00 0
0 2 15.00 1
1 2 14.00 1
0 1 12.00 1
1 1 13.00 1
2 0 7.00 0
0 0 11.00 1
1 0 13.00 1
2 2 11.00 0
2 1 10.00 0
2 0 9.00 0
0 2 15.00 1
1 2 14.00 1
0 1 14.00 1
1 1 14.00 1
0 0 11.00 1
1 0 14.00 1
2 2 9.00 0
2 1 9.00 0
2 0 7.00 0
0 2 13.00 1
1 2 15.00 1
1 1 15.00 1
0 1 14.00 1
0 0 11.00 1
1 0 13.00 1
2 2 10.00 0
1 1 9.00 0
0 0 7.00 0
0 2 13.00 1
1 2 16.00 1
1 0 14.00 1
2 0 14.00 1
0 1 13.00 1
2 1 16.00 1
1 2 10.00 0
1 1 9.00 0
1 0 8.00 0
2 0 14.00 1
0 0 13.00 1
2 1 14.00 1
0 1 13.00 1
2 2 16.00 1
0 2 13.00 1
1 0 6.00 0
1 2 10.00 0
0 0 11.00 1
2 0 14.00 1
2 2 16.00 1
0 2 15.00 1
0 0 6.00 0
0 1 7.00 0
0 2 8.00 0
2 0 14.00 1
1 0 13.00 1
2 1 15.00 1
1 1 14.00 1
2 2 16.00 1
1 2 15.00 1
2 0 7.00 0
2 1 10.00 0
2 2 9.00 0
0 0 13.00 1
1 0 13.00 1
1 1 14.00 1
0 1 14.00 1
1 2 15.00 1
0 2 15.00 1
2 0 7.00 0
1 1 8.00 0
0 0 11.00 1
1 0 12.00 1
0 0 6.00 0
0 1 7.00 0
0 2 8.00 0
0 0 7.00 0
0 1 8.00 0
0 2 9.00 0
1 0 13.00 1
2 0 14.00 1
2 1 15.00 1
1 1 14.00 1
2 2 16.00 1
1 2 15.00 1
0 0 7.00 0
2 1 9.00 0
2 2 9.00 0
2 0 14.00 1
1 0 13.00 1
1 1 14.00 1
0 1 12.00 1
0 2 13.00 1
1 2 15.00 1
0 0 7.00 0
0 1 8.00 0
0 2 9.00 0
1 0 13.00 1
2 0 14.00 1
1 1 14.00 1
2 1 15.00 1
1 2 15.00 1
2 2 16.00 1
0 0 7.00 0
0 1 7.00 0
0 2 7.00 0
1 0 13.00 1
2 0 14.00 1
1 1 14.00 1
2 1 15.00 1
1 2 15.00 1
2 2 16.00 1
0 0 7.00 0
0 1 8.00 0
2 0 13.00 1
1 0 12.00 1
0 2 8.00 0
1 1 13.00 1
2 1 14.00 1
1 2 14.00 1
2 2 15.00 1
2 0 9.00 0
0 1 8.00 0
0 0 7.00 0
0 1 8.00 0
0 2 9.00 0
1 0 13.00 1
2 0 14.00 1
1 1 14.00 1
2 1 15.00 1
1 2 15.00 1
2 2 16.00 1
0 0 7.00 0
0 1 6.00 0
0 2 7.00 0
0 0 5.00 0
0 1 6.00 0
0 2 7.00 0
1 0 13.00 1
2 0 14.00 1
2 1 15.00 1
1 1 14.00 1
2 2 16.00 1
1 2 15.00 1
0 0 7.00 0
2 1 10.00 0
2 2 9.00 0
2 0 14.00 1
1 0 13.00 1
0 1 12.00 1
1 1 14.00 1
1 2 15.00 1
0 2 13.00 1
2 0 8.00 0
2 1 9.00 0
0 0 7.00 0
0 1 8.00 0
0 2 9.00 0
1 0 13.00 1
2 0 14.00 1
2 1 15.00 1
1 1 14.00 1
2 2 16.00 1
1 2 15.00 1
0 0 6.00 0
2 1 9.00 0
1 0 13.00 1
2 0 14.00 1
2 2 11.00 0
1 1 14.00 1
0 1 13.00 1
0 2 14.00 1
1 2 15.00 1
0 0 6.00 0
1 0 12.00 1
2 0 13.00 1
1 1 7.00 0
0 0 7.00 0
0 1 8.00 0
0 2 9.00 0
2 0 14.00 1
1 0 13.00 1
1 1 14.00 1
2 1 15.00 1
1 2 15.00 1
2 2 16.00 1
0 0 5.00 0
0 1 6.00 0
0 2 7.00 0
1 0 13.00 1
2 0 14.00 1
2 1 15.00 1
1 1 14.00 1
1 2 15.00 1
2 2 16.00 1
0 0 7.00 0
2 1 8.00 0
0 0 7.00 0
0 1 8.00 0
0 2 9.00 0
2 0 14.00 1
1 0 13.00 1
1 1 14.00 1
2 1 15.00 1
1 2 15.00 1
2 2 16.00 1
0 0 7.00 0
0 1 8.00 0
0 2 9.00 0
2 0 14.00 1
1 0 13.00 1
2 1 15.00 1
1 1 14.00 1
0 0 6.00 0
0 1 7.00 0
0 2 8.00 0
2 0 14.00 1
1 0 13.00 1
2 1 15.00 1
1 1 14.00 1
1 2 15.00 1
2 2 16.00 1
2 0 9.00 0
2 1 9.00 0
0 2 9.00 0
1 0 13.00 1
0 0 12.00 1
0 1 13.00 1
1 1 14.00 1
1 2 15.00 1
2 2 16.00 1
1 0 6.00 0
2 1 10.00 0
2 0 14.00 1
0 0 13.00 1
0 2 8.00 0
0 1 14.00 1
1 1 13.00 1
1 2 14.00 1
2 2 15.00 1
1 0 7.00 0
2 0 13.00 1
0 0 11.00 1
2 1 10.00 0
0 0 5.00 0
1 0 6.00 0
2 0 7.00 0
0 1 13.00 1
0 2 14.00 1
1 1 14.00 1
1 2 15.00 1
2 1 15.00 1
2 2 16.00 1
0 0 6.00 0
1 0 8.00 0
2 0 9.00 0
0 1 13.00 1
0 2 14.00 1
1 2 15.00 1
1 1 14.00 1
2 1 15.00 1
2 2 16.00 1
0 0 6.00 0
1 2 10.00 0
0 1 12.00 1
0 2 13.00 1
0 0 6.00 0
1 0 7.00 0
2 0 8.00 0
0 1 13.00 1
0 2 14.00 1
1 1 14.00 1
1 2 15.00 1
2 1 15.00 1
2 2 16.00 1
0 0 5.00 0
1 0 6.00 0
2 0 8.00 0
0 1 13.00 1
0 2 14.00 1
1 2 15.00 1
1 1 14.00 1
2 1 15.00 1
2 2 16.00 1
0 0 7.00 0
1 2 10.00 0
0 1 12.00 1
0 2 13.00 1
