 5.13 0 19.50 1
 4.65 1 21.50 1
 4.26 2 23.50 1
 10.01 0 20.50 2
 9.53 1 20.50 2
 8.70 2 22.50 2
 14.88 0 20.50 3
 14.41 1 20.50 3
 12.62 2 25.50 3
 19.65 0 21.00 4
 18.85 1 22.50 4
 16.47 2 26.00 4
 24.65 0 20.00 5
 23.30 1 22.50 5
 5.13 0 19.50 1
 4.65 1 21.50 1
 5.41 0 18.50 1
 4.88 1 20.50 1
 4.44 2 22.50 1
 10.28 0 20.50 2
 9.32 1 22.50 2
 8.70 2 23.50 2
 15.69 0 18.50 3
 14.20 1 20.50 3
 13.35 2 21.50 3
 20.57 0 20.50 4
 19.08 1 20.50 4
 17.43 2 24.50 4
 25.44 0 20.50 5
 23.52 1 22.50 5
 21.35 2 25.50 5
 30.10 0 21.50 6
 28.17 1 21.50 6
 25.35 2 25.00 6
 34.75 0 21.50 7
 33.05 1 20.50 7
 40.15 0 18.50 8
 29.35 2 25.00 7
 37.70 1 21.50 8
 45.28 0 19.50 9
 33.44 2 24.50 8
 42.58 1 20.50 9
 50.54 0 19.00 10
 37.36 2 25.50 9
 46.75 1 24.00 10
 55.20 0 21.50 11
 41.71 2 23.00 10
 51.00 1 23.50 11
 60.46 0 19.00 12
 45.79 2 24.50 11
 65.22 0 21.00 13
 55.26 1 23.50 12
 69.87 0 21.50 14
 59.70 1 22.50 13
 49.87 2 24.50 12
 75.28 0 18.50 15
 53.79 2 25.50 13
 5.13 0 19.50 1
 4.65 1 21.50 1
 4.26 2 23.50 1
 10.13 0 20.00 2
 8.82 1 24.00 2
 8.42 2 24.00 2
-1
 4.88 0 20.50 1
 4.44 1 22.50 1
 4.08 2 24.50 1
 4.88 0 20.50 1
 4.44 1 22.50 1
 4.08 2 24.50 1
 9.76 0 20.50 2
 9.10 1 21.50 2
 8.53 2 22.50 2
 14.88 0 19.50 3
 13.75 1 21.50 3
 12.97 2 22.50 3
-1
 4.88 0 20.50 1
 4.44 1 22.50 1
 4.08 2 24.50 1
 5.41 0 18.50 1
 4.88 1 20.50 1
 4.44 2 22.50 1
 10.28 0 20.50 2
 9.23 1 23.00 2
 8.79 2 23.00 2
-1
 4.88 0 20.50 1
 4.44 1 22.50 1
 4.08 2 24.50 1
 10.01 0 19.50 2
 8.89 1 22.50 2
 8.00 2 25.50 2
-1
 4.88 0 20.50 1
 5.41 0 18.50 1
 4.88 1 20.50 1
 4.44 2 22.50 1
 5.13 0 19.50 1
 4.65 1 21.50 1
 4.26 2 23.50 1
 9.78 0 21.50 2
 9.10 1 22.50 2
 8.34 2 24.50 2
 14.91 0 19.50 3
 13.35 1 23.50 3
 12.78 2 22.50 3
-1
 5.41 0 18.50 1
 4.88 1 20.50 1
 4.44 2 22.50 1
 10.53 0 19.50 2
 9.32 1 22.50 2
 8.53 2 24.50 2
-1
 5.13 0 19.50 1
 4.65 1 21.50 1
 4.26 2 23.50 1
 10.53 0 18.50 2
 9.53 1 20.50 2
 8.51 2 23.50 2
-1
